1
root
512
0
0
-1
-1
-1
5
-1
-1
-1
-1
-1
-1
-1
3
odd.xsm
184
0
-1
-1
-1
-1
69
-1
-1
-1
-1
-1
-1
-1
3
fc.xsm
274
0
-1
-1
-1
-1
70
-1
-1
-1
-1
-1
-1
-1
3
fc2.xsm
360
0
-1
-1
-1
-1
71
-1
-1
-1
-1
-1
-1
-1
3
init_20.xsm
588
0
-1
-1
-1
-1
72
73
-1
-1
-1
-1
-1
-1
3
prog2.xsm
180
0
-1
-1
-1
-1
74
-1
-1
-1
-1
-1
-1
-1
3
gcd.xsm
476
0
-1
-1
-1
-1
75
-1
-1
-1
-1
-1
-1
-1
3
sort.xsm
420
0
-1
-1
-1
-1
76
-1
-1
-1
-1
-1
-1
-1
3
list.xsm
650
0
-1
-1
-1
-1
77
78
-1
-1
-1
-1
-1
-1
3
prog3.xsm
358
0
-1
-1
-1
-1
79
-1
-1
-1
-1
-1
-1
-1
3
fork3.xsm
368
0
-1
-1
-1
-1
80
-1
-1
-1
-1
-1
-1
-1
3
fork3_n.xsm
188
0
-1
-1
-1
-1
81
-1
-1
-1
-1
-1
-1
-1
3
s22.xsm
990
0
-1
-1
-1
-1
82
83
-1
-1
-1
-1
-1
-1
2
sample.dat
18
1
1
-1
-1
-1
84
-1
-1
-1
-1
-1
-1
-1
3
pid.xsm
130
0
-1
-1
-1
-1
85
-1
-1
-1
-1
-1
-1
-1
3
s25_3.xsm
1014
0
-1
-1
-1
-1
86
87
-1
-1
-1
-1
-1
-1
3
s25_4.xsm
2046
0
-1
-1
-1
-1
88
89
90
91
-1
-1
-1
-1
3
parent.xsm
312
0
-1
-1
-1
-1
92
-1
-1
-1
-1
-1
-1
-1
3
mer_sq.xsm
1150
0
-1
-1
-1
-1
93
94
95
-1
-1
-1
-1
-1
3
mer_con.xsm
1934
0
-1
-1
-1
-1
96
97
98
99
-1
-1
-1
-1
3
fread_1.xsm
398
0
-1
-1
-1
-1
100
-1
-1
-1
-1
-1
-1
-1
3
fread.xsm
722
0
-1
-1
-1
-1
101
102
-1
-1
-1
-1
-1
-1
2
nums.dat
2048
1
1
-1
-1
-1
103
104
105
106
-1
-1
-1
-1
3
ls.xsm
322
0
-1
-1
-1
-1
107
-1
-1
-1
-1
-1
-1
-1
3
rm.xsm
194
0
-1
-1
-1
-1
108
-1
-1
-1
-1
-1
-1
-1
3
cp.xsm
502
0
-1
-1
-1
-1
109
-1
-1
-1
-1
-1
-1
-1
3
cat.xsm
398
0
-1
-1
-1
-1
110
-1
-1
-1
-1
-1
-1
-1
3
child.xsm
328
0
-1
-1
-1
-1
111
-1
-1
-1
-1
-1
-1
-1
2
temp1.dat
512
1
temp1.dat
-1
-1
-1
112
-1
-1
-1
-1
-1
-1
-1
2
temp3.dat
512
1
temp3.dat
-1
-1
-1
115
-1
-1
-1
-1
-1
-1
-1
2
temp2.dat
512
1
temp2.dat
-1
-1
-1
113
-1
-1
-1
-1
-1
-1
-1
2
temp4.dat
512
1
temp4.dat
-1
-1
-1
114
-1
-1
-1
-1
-1
-1
-1
2
tempa.dat
1024
1
1
-1
-1
-1
116
119
-1
-1
-1
-1
-1
-1
2
tempb.dat
1024
1
1
-1
-1
-1
117
118
-1
-1
-1
-1
-1
-1
2
merge.dat
2048
1
1
-1
-1
-1
120
121
122
123
-1
-1
-1
-1
-1
-1
0
-1
-1
-1
-1
-1
-1
-1
-1
-1
-1
-1
-1
-1
-1
-1
0
-1
-1
-1
-1
-1
-1
-1
-1
-1
-1
-1
-1
-1
-1
-1
0
-1
-1
-1
-1
-1
-1
-1
-1
-1
-1
-1
-1
-1
-1
-1
0
-1
-1
-1
-1
-1
-1
-1
-1
-1
-1
-1
-1
-1
-1
-1
0
-1
-1
-1
-1
-1
-1
-1
-1
-1
-1
-1
-1
-1
-1
-1
0
-1
-1
-1
-1
-1
-1
-1
-1
-1
-1
-1
-1
-1
-1
-1
0
-1
-1
-1
-1
-1
-1
-1
-1
-1
-1
-1
-1
-1
-1
-1
0
-1
-1
-1
-1
-1
-1
-1
-1
-1
-1
-1
-1
-1
-1
-1
0
-1
-1
-1
-1
-1
-1
-1
-1
-1
-1
-1
-1
-1
-1
-1
0
-1
-1
-1
-1
-1
-1
-1
-1
-1
-1
-1
-1
-1
-1
-1
0
-1
-1
-1
-1
-1
-1
-1
-1
-1
-1
-1
-1
-1
-1
-1
0
-1
-1
-1
-1
-1
-1
-1
-1
-1
-1
-1
-1
-1
-1
-1
0
-1
-1
-1
-1
-1
-1
-1
-1
-1
-1
-1
-1
-1
-1
-1
0
-1
-1
-1
-1
-1
-1
-1
-1
-1
-1
-1
-1
-1
-1
-1
0
-1
-1
-1
-1
-1
-1
-1
-1
-1
-1
-1
-1
-1
-1
-1
0
-1
-1
-1
-1
-1
-1
-1
-1
-1
-1
-1
-1
-1
-1
-1
0
-1
-1
-1
-1
-1
-1
-1
-1
-1
-1
-1
-1
-1
-1
-1
0
-1
-1
-1
-1
-1
-1
-1
-1
-1
-1
-1
-1
-1
-1
-1
0
-1
-1
-1
-1
-1
-1
-1
-1
-1
-1
-1
-1
-1
-1
-1
0
-1
-1
-1
-1
-1
-1
-1
-1
-1
-1
-1
-1
-1
-1
-1
0
-1
-1
-1
-1
-1
-1
-1
-1
-1
-1
-1
-1
-1
-1
-1
0
-1
-1
-1
-1
-1
-1
-1
-1
-1
-1
-1
-1
-1
-1
-1
0
-1
-1
-1
-1
-1
-1
-1
-1
-1
-1
-1
-1
-1
-1
-1
0
-1
-1
-1
-1
-1
-1
-1
-1
-1
-1
-1
-1
-1
-1
-1
0
-1
-1
-1
-1
-1
-1
-1
-1
-1
-1
-1
-1
-1
kernel
-1
root
452
-1
-1
-1
-1
-1
-1
-1
-1
-1
-1
-1
-1
-1
-1
-1
-1
-1
-1
-1
-1
-1
-1
-1
-1
-1
-1
-1
-1
-1
-1
-1
-1
-1
-1
-1
-1
-1
-1
-1
-1
-1
-1
-1
-1
-1
-1
-1
-1
-1
-1
-1
-1
-1
-1
-1
-1
-1
-1
-1
-1
