root
512
1
-1
-1
-1
-1
-1
odd.xsm
184
3
-1
-1
-1
-1
-1
fc.xsm
274
3
-1
-1
-1
-1
-1
fc2.xsm
360
3
-1
-1
-1
-1
-1
init_20.xsm
588
3
-1
-1
-1
-1
-1
prog2.xsm
180
3
-1
-1
-1
-1
-1
gcd.xsm
476
3
-1
-1
-1
-1
-1
sort.xsm
420
3
-1
-1
-1
-1
-1
lu.xsm
186
3
-1
-1
-1
-1
-1
ru.xsm
516
3
-1
-1
-1
-1
-1
list.xsm
650
3
-1
-1
-1
-1
-1
prog3.xsm
358
3
-1
-1
-1
-1
-1
fork3.xsm
368
3
-1
-1
-1
-1
-1
fork3_n.xsm
188
3
-1
-1
-1
-1
-1
s22.xsm
990
3
-1
-1
-1
-1
-1
rv_read.xsm
494
3
-1
-1
-1
-1
-1
sample.dat
18
2
-1
-1
-1
-1
-1
pid.xsm
130
3
-1
-1
-1
-1
-1
s25_1.xsm
430
3
-1
-1
-1
-1
-1
s25_2.xsm
340
3
-1
-1
-1
-1
-1
s25_3.xsm
1014
3
-1
-1
-1
-1
-1
s25_4.xsm
2046
3
-1
-1
-1
-1
-1
parent.xsm
312
3
-1
-1
-1
-1
-1
mer_sq.xsm
1150
3
-1
-1
-1
-1
-1
mer_con.xsm
1934
3
-1
-1
-1
-1
-1
fread_1.xsm
398
3
-1
-1
-1
-1
-1
fread.xsm
722
3
-1
-1
-1
-1
-1
nums.dat
2048
2
-1
-1
-1
-1
-1
ls.xsm
322
3
-1
-1
-1
-1
-1
rm.xsm
194
3
-1
-1
-1
-1
-1
cp.xsm
502
3
-1
-1
-1
-1
-1
cat.xsm
398
3
-1
-1
-1
-1
-1
child.xsm
328
3
-1
-1
-1
-1
-1
-1
-1
-1
-1
-1
-1
-1
-1
-1
-1
-1
-1
-1
-1
-1
-1
-1
0
-1
-1
-1
-1
-1
-1
-1
0
-1
-1
-1
-1
-1
-1
-1
0
-1
-1
-1
-1
-1
-1
-1
0
-1
-1
-1
-1
-1
-1
-1
0
-1
-1
-1
-1
-1
-1
-1
0
-1
-1
-1
-1
-1
-1
-1
0
-1
-1
-1
-1
-1
-1
-1
0
-1
-1
-1
-1
-1
-1
-1
0
-1
-1
-1
-1
-1
-1
-1
0
-1
-1
-1
-1
-1
-1
-1
0
-1
-1
-1
-1
-1
-1
-1
0
-1
-1
-1
-1
-1
-1
-1
0
-1
-1
-1
-1
-1
-1
-1
0
-1
-1
-1
-1
-1
-1
-1
0
-1
-1
-1
-1
-1
-1
-1
0
-1
-1
-1
-1
-1
-1
-1
0
-1
-1
-1
-1
-1
-1
-1
0
-1
-1
-1
-1
-1
-1
-1
0
-1
-1
-1
-1
-1
-1
-1
0
-1
-1
-1
-1
-1
-1
-1
0
-1
-1
-1
-1
-1
-1
-1
0
-1
-1
-1
-1
-1
-1
-1
0
-1
-1
-1
-1
-1
-1
-1
0
-1
-1
-1
-1
-1
-1
-1
0
-1
-1
-1
-1
-1
-1
-1
0
-1
-1
-1
-1
-1
-1
-1
0
-1
-1
-1
-1
-1
-1
-1
0
-1
-1
-1
-1
-1
-1
-1
0
-1
-1
-1
-1
-1
-1
